system:index,DISTRICT,DT_CEN_CD,PKey,ST_CEN_CD,ST_NM,censuscode,closed_shrublands,deciduous_broadleaf_forest,deciduous_needleleaf_forest,evergreen_broadleaf_forest,evergreen_needleleaf_forest,grasslands,mixed_forest,open_shrublands,savannas,woody_savannas,sumVegetation,percentageVegetation,water,urban,percentUrban,totalArea,censusEmp1,censusEmp2,censusHousehold,censusBathroom,censusFuelCooking,censusWaterSource,censusLightSource,SOL,SOLperUrbanArea,croplands,percentCroplands,barren_or_sparsely_vegetated,x,ff,geometry_vertex_count
212,Gurdaspur,1,103,3,Punjab,35,5810193.389,0,0,0,282933.717,7146268.251,1.75E+08,1121976.73,0,2.09E+07,2.11E+08,5.82E-02,6535972.61,4.25E+07,1.17E-02,3.62E+09,12,12,12,12,13,12,14,4.81E+10,1.13E+03,3.36E+09,9.28E-01,649937.6182,58206.93725,185129.4704,
428,Panchkula,1,106,6,Haryana,69,1100498.475,0,0,0,0,856439.0156,1.97E+08,0,214217.5156,6.57E+07,2.65E+08,3.12E-01,0,2.13E+07,2.51E-02,8.49E+08,14,13,15,12,13,13,14,1.30E+10,6.09E+02,5.62E+08,6.63E-01,0,20157.59608,52677.86975,
419,North West,1,107,7,NCT of Delhi,90,1255114.232,218476.4844,0,0,0,6549804.297,0,1309450.656,0,218430.5313,9.55E+06,2.16E-02,0,1.84E+08,4.14E-01,4.43E+08,14,13,14,14,13,13,14,2.39E+10,1.30E+02,2.50E+08,5.64E-01,0,17183.24314,26183.17443,
490,Saharanpur,1,109,9,Uttar Pradesh,132,3012097.156,860678.6875,0,0,0,4558115.863,2.28E+08,8469389.472,0,5.26E+07,2.97E+08,7.98E-02,0,8.80E+07,2.36E-02,3.72E+09,12,12,14,12,12,12,13,2.17E+10,2.47E+02,3.34E+09,8.97E-01,0,85232.30588,227454.522,
433,Pashchim Champaran,1,110,10,Bihar,203,3104872.891,3761497.297,0,1.59E+07,0,5.19E+07,7.55E+08,6.33E+07,808888.9685,1.37E+08,1.03E+09,1.96E-01,221652.8594,3.16E+07,6.02E-03,5.25E+09,11,12,13,11,12,12,12,3.80E+09,1.20E+02,4.18E+09,7.96E-01,8302224.47,56491.68627,285648.2436,
282,Kapurthala,2,203,3,Punjab,36,956041.7374,0,0,0,762811.7667,707657.77,426514.8438,162372.4524,349570.3659,379806.4003,3.74E+06,2.25E-03,2884636.15,2.71E+07,1.63E-02,1.66E+09,12,12,14,14,13,12,14,2.33E+10,8.60E+02,1.63E+09,9.80E-01,0,18284.21569,77372.51904,
14,Ambala,2,206,6,Haryana,70,0,0,0,0,0,0,0,0,0,0,0.00E+00,0.00E+00,0,6.68E+07,4.42E-02,1.51E+09,12,13,14,14,13,13,14,2.76E+10,4.12E+02,1.45E+09,9.56E-01,0,18069.04706,73473.73744,
412,North,2,207,7,NCT of Delhi,91,146581.6191,0,0,0,0,873519.8125,0,0,0,44574.52745,1.06E+06,1.54E-02,0,6.20E+07,8.97E-01,6.91E+07,14,13,14,14,13,13,14,4.27E+09,6.89E+01,6050689.877,8.76E-02,0,4238.823529,4786.048241,
386,Muzaffarnagar,2,209,9,Uttar Pradesh,133,3085200.268,0,0,0,0,1954651.547,3055333.615,1.08E+07,216593.5781,650234.0313,1.98E+07,4.88E-03,0,1.50E+08,3.70E-02,4.05E+09,12,12,14,14,12,12,13,2.94E+10,1.96E+02,3.88E+09,9.58E-01,0,36143.39608,212617.3131,
453,Purba Champaran,2,210,10,Bihar,204,400249.7963,0,0,0,0,4107820.947,2944519.596,5883637.375,0,0,1.33E+07,3.35E-03,0,3.33E+07,8.37E-03,3.98E+09,12,12,14,11,12,12,12,4.22E+09,1.27E+02,3.93E+09,9.88E-01,139165.4125,62392.59608,206667.6646,
243,Jalandhar,3,303,3,Punjab,37,0,0,0,0,0,0,0,638564.8594,0,0,6.39E+05,2.45E-04,0,9.71E+07,3.73E-02,2.61E+09,14,12,14,14,13,12,14,4.56E+10,4.69E+02,2.51E+09,9.62E-01,0,37249.77255,129746.9315,
626,Yamunanagar,3,306,6,Haryana,71,731976.8962,0,0,0,0,2109268.315,1.10E+08,4828213.922,0,1.41E+07,1.32E+08,7.60E-02,0,4.27E+07,2.46E-02,1.74E+09,12,13,14,12,13,13,14,2.27E+10,5.31E+02,1.56E+09,8.99E-01,0,16980.0549,87873.65108,
416,North East,3,307,7,NCT of Delhi,92,0,0,0,0,0,0,0,0,0,0,0.00E+00,0.00E+00,0,5.91E+07,9.46E-01,6.25E+07,14,13,14,14,13,13,14,3.76E+09,6.37E+01,3403606.935,5.45E-02,0,4636.529412,4522.160527,
84,Bijnor,3,309,9,Uttar Pradesh,134,4335421.473,0,0,0,0,4352320.746,2.03E+08,4216050.422,0,6.61E+07,2.82E+08,6.52E-02,0,1.25E+08,2.89E-02,4.32E+09,12,12,14,12,11,12,12,1.51E+10,1.21E+02,3.91E+09,9.06E-01,217121.0313,41003.32157,224517.5496,
516,Sheohar,3,310,10,Bihar,205,0,0,0,0,0,0,0,0,0,0,0.00E+00,0.00E+00,0,891110.7031,3.09E-03,2.88E+08,12,12,13,11,12,12,12,2.24E+08,2.51E+02,2.87E+08,9.97E-01,0,3226.827451,14218.57812,
230,Hoshiarpur,4,403,3,Punjab,38,1485700.188,0,0,0,108647.4193,858758.5344,4.02E+08,359961.036,601563.7209,1.13E+08,5.19E+08,1.54E-01,0,3.04E+07,9.02E-03,3.37E+09,12,13,14,14,13,13,14,3.36E+10,1.11E+03,2.82E+09,8.37E-01,204852.7948,74705.23137,201925.2724,
329,Kurukshetra,4,406,6,Haryana,72,0,0,0,0,0,0,202281.443,0,0,0,2.02E+05,1.29E-04,0,2.85E+07,1.81E-02,1.57E+09,12,13,14,14,13,13,14,2.60E+10,9.12E+02,1.54E+09,9.82E-01,0,13656.96078,68559.98922,
166,East,4,407,7,NCT of Delhi,93,0,0,0,0,0,423643.519,0,0,0,334308.9559,7.58E+05,1.16E-02,0,6.37E+07,9.75E-01,6.53E+07,14,13,15,14,13,13,14,4.11E+09,6.45E+01,869502.1408,1.33E-02,0,5159.101961,4948.807167,
379,Moradabad,4,409,9,Uttar Pradesh,135,1091350.359,0,0,218015.5,0,218264.8438,0,0,0,555527.8064,2.08E+06,5.75E-04,0,1.45E+08,3.99E-02,3.63E+09,12,12,13,12,12,12,12,2.13E+10,1.47E+02,3.48E+09,9.60E-01,0,20803.63529,167405.8009,
533,Sitamarhi,4,410,10,Bihar,206,0,0,0,0,0,222722.2031,0,0,0,0,2.23E+05,9.56E-05,0,1.88E+07,8.07E-03,2.33E+09,12,12,14,11,12,12,12,1.75E+09,9.30E+01,2.31E+09,9.92E-01,0,27729.67451,112584.01,
512,Shahid Bhagat Singh Nagar,5,503,3,Punjab,39,0,0,0,0,0,0,2.63E+07,0,0,6226204.217,3.25E+07,2.50E-02,0,1.72E+07,1.32E-02,1.30E+09,12,12,14,14,13,12,14,1.55E+10,8.97E+02,1.25E+09,9.62E-01,0,9251.878431,60559.26567,
268,Kaithal,5,506,6,Haryana,73,0,0,0,0,0,216204.7656,229365.1508,0,0,215832.8594,6.61E+05,2.88E-04,0,3.45E+07,1.50E-02,2.30E+09,12,13,14,13,12,13,14,3.32E+10,9.64E+02,2.26E+09,9.85E-01,0,14336.27451,88312.50889,
410,New Delhi,5,507,7,NCT of Delhi,94,20582.34412,0,0,0,0,0,0,0,0,0,2.06E+04,5.35E-04,0,3.76E+07,9.76E-01,3.85E+07,14,13,15,14,13,13,14,2.42E+09,6.46E+01,887570.2864,2.31E-02,0,2577.74902,2855.468147,
474,Rampur,5,509,9,Uttar Pradesh,136,0,0,0,0,0,436566.5625,2.85E+07,0,0,1089494,3.01E+07,1.17E-02,0,3.74E+07,1.46E-02,2.57E+09,12,12,13,12,12,12,12,1.33E+10,3.56E+02,2.50E+09,9.74E-01,0,16775.16078,123223.1672,
349,Madhubani,5,510,10,Bihar,207,222858.6563,0,0,0,0,2391773.73,0,5557858.238,0,2810251.051,1.10E+07,3.19E-03,0,4.17E+07,1.21E-02,3.44E+09,12,12,14,11,12,12,12,4.27E+09,1.02E+02,3.39E+09,9.85E-01,0,20450.4549,149965.021,
183,Fatehgarh Sahib,6,603,3,Punjab,40,0,0,0,0,0,0,0,214354.3438,0,0,2.14E+05,1.88E-04,0,1.74E+07,1.52E-02,1.14E+09,12,12,14,14,13,12,14,1.71E+10,9.84E+02,1.13E+09,9.85E-01,0,6377.12549,45683.35622,
287,Karnal,6,606,6,Haryana,74,0,0,0,0,0,0,0,273796.7084,0,0,2.74E+05,1.04E-04,0,4.41E+07,1.67E-02,2.64E+09,12,13,14,14,13,13,14,4.34E+10,9.82E+02,2.59E+09,9.83E-01,0,19022.12157,106409.3255,
99,Central,6,607,7,NCT of Delhi,95,71147.80343,0,0,0,0,0,0,218604.9531,0,276028.3611,5.66E+05,3.76E-02,0,1.41E+07,9.38E-01,1.51E+07,14,13,14,14,13,13,14,9.51E+08,6.73E+01,364338.1493,2.42E-02,0,1226.627451,1151.665973,
265,Jyotiba Phule Nagar,6,609,9,Uttar Pradesh,137,2398298.516,0,0,0,0,7015926.675,1090768.547,1.53E+07,0,1843824.548,2.76E+07,1.22E-02,0,4.89E+07,2.15E-02,2.27E+09,12,12,13,12,12,12,12,8.86E+09,1.81E+02,2.20E+09,9.66E-01,0,24687.84314,119499.9438,
554,Supaul,6,610,10,Bihar,208,4685491.422,0,0,0,0,9.81E+07,0,1.05E+08,223062.6875,4016004.094,2.12E+08,8.83E-02,223206.7344,3571096.359,1.49E-03,2.40E+09,12,12,13,11,12,12,12,4.18E+09,1.17E+03,2.17E+09,9.05E-01,1.16E+07,18052.68627,108349.4523,
346,Ludhiana,7,703,3,Punjab,41,0,0,0,0,0,213893.9688,0,641780.1406,0,0,8.56E+05,2.39E-04,0,1.87E+08,5.20E-02,3.58E+09,14,12,14,14,13,12,14,6.66E+10,3.57E+02,3.40E+09,9.48E-01,0,25310.03922,145048.3814,
429,Panipat,7,706,6,Haryana,75,0,0,0,0,0,1519114.078,0,5208630.172,0,0,6.73E+06,5.49E-03,0,4.19E+07,3.42E-02,1.23E+09,12,13,14,14,13,13,14,2.84E+10,6.79E+02,1.18E+09,9.60E-01,0,13522.30196,52612.24962,
612,West,7,707,7,NCT of Delhi,96,1147564.643,0,0,0,0,1529794.438,0,1402165.237,0,0,4.08E+06,3.34E-02,0,9.88E+07,8.09E-01,1.22E+08,14,13,15,14,13,13,14,7.61E+09,7.71E+01,1.93E+07,1.58E-01,0,8156.921569,8521.122285,
373,Meerut,7,709,9,Uttar Pradesh,138,1088779.406,0,0,218061.75,0,2394615.547,1962343,1.30E+07,0,653164.7188,1.93E+07,7.40E-03,0,1.78E+08,6.81E-02,2.61E+09,12,12,14,14,12,12,13,2.64E+10,1.48E+02,2.42E+09,9.25E-01,0,42015.4,149638.2825,
25,Araria,7,710,10,Bihar,209,223686.8438,0,0,0,0,894553.7969,223274.3906,446911.4375,0,8867323.055,1.07E+07,3.80E-03,0,1.07E+07,3.82E-03,2.81E+09,12,12,13,11,12,12,12,4.12E+09,3.84E+02,2.78E+09,9.92E-01,0,13737.94118,121197.4387,
376,Moga,8,803,3,Punjab,42,0,0,0,0,0,214021.5938,0,428062.8125,0,0,6.42E+05,2.74E-04,0,2.40E+07,1.02E-02,2.35E+09,12,12,14,13,13,12,14,3.09E+10,1.29E+03,2.32E+09,9.90E-01,0,14226.98431,82163.71682,
541,Sonipat,8,806,6,Haryana,76,436243.6406,0,0,0,0,872496.5156,0,653925.8594,0,218144.9063,2.18E+06,1.01E-03,0,4.94E+07,2.29E-02,2.16E+09,12,13,14,14,13,13,14,3.73E+10,7.55E+02,2.11E+09,9.76E-01,0,22418.23137,93864.94171,
549,South West,8,807,7,NCT of Delhi,97,2672902.952,0,0,0,0,5220512.062,0,5759045.601,0,437511.9531,1.41E+07,3.24E-02,0,1.86E+08,4.28E-01,4.35E+08,14,13,15,14,13,13,14,2.33E+10,1.25E+02,2.34E+08,5.39E-01,0,13773.51765,24077.8258,
35,Baghpat,8,809,9,Uttar Pradesh,139,169585.7637,0,0,0,0,0,0,0,0,0,1.70E+05,1.28E-04,0,4.08E+07,3.07E-02,1.33E+09,12,12,14,14,12,12,13,7.60E+09,1.86E+02,1.29E+09,9.69E-01,0,10784.87059,68476.59063,
304,Kishanganj,8,810,10,Bihar,210,1088406.712,223079.6563,0,0,0,2.03E+07,669136.5625,2.53E+07,1087543.291,2.84E+07,7.70E+07,3.99E-02,0,5187373.468,2.68E-03,1.93E+09,12,12,13,11,12,12,12,3.21E+09,6.19E+02,1.85E+09,9.57E-01,223341.9531,23722.89804,188189.2265,
186,Firozpur,9,903,3,Punjab,43,1800565.174,0,0,0,2862753.178,1567429.782,853346.7031,1932563.443,213321.8281,475338.3809,9.71E+06,1.86E-03,882565.6347,6.68E+07,1.28E-02,5.20E+09,12,12,12,13,12,12,14,6.40E+10,9.58E+02,5.13E+09,9.85E-01,0,16235.55686,105153.8669,
627,Jind,9,906,6,Haryana,77,0,0,0,0,0,0,0,869335.5625,0,0,8.69E+05,3.21E-04,0,2.70E+07,9.97E-03,2.71E+09,12,13,14,12,12,13,14,3.57E+10,1.32E+03,2.68E+09,9.90E-01,0,15774.02745,18617.89169,
543,South,9,907,7,NCT of Delhi,98,1073750.312,0,0,0,191324.2984,3187470.905,0,2973932.538,0,218925,7.65E+06,3.01E-02,0,1.37E+08,5.42E-01,2.54E+08,14,13,15,14,13,13,14,1.50E+10,1.09E+02,1.09E+08,4.28E-01,0,44874.05882,115910.2239,
198,Ghaziabad,9,909,9,Uttar Pradesh,140,1092602.563,0,0,0,0,2891794.26,218531.5781,7859833.531,0,0,1.21E+07,6.10E-03,0,2.02E+08,1.02E-01,1.98E+09,14,12,14,14,12,12,14,3.26E+10,1.62E+02,1.76E+09,8.92E-01,0,5711.137255,121115.615,
457,Purnia,9,910,10,Bihar,211,1262027.542,0,0,0,0,1.18E+07,224452.375,1.46E+07,983976.2314,4703857.938,3.36E+07,1.04E-02,0,2.73E+07,8.44E-03,3.24E+09,12,12,13,11,12,12,12,7.40E+09,2.71E+02,3.18E+09,9.81E-01,266234.1741,12897.22745,92178.70428,
381,Muktsar,10,1003,3,Punjab,44,0,0,0,0,0,0,0,1369160.054,0,0,1.37E+06,5.26E-04,0,3.65E+07,1.40E-02,2.60E+09,12,13,12,13,13,13,14,3.40E+10,9.30E+02,2.57E+09,9.85E-01,0,10660.26667,89799.41359,
182,Fatehabad,10,1006,6,Haryana,78,0,0,0,0,0,0,0,1733682.328,0,0,1.73E+06,7.21E-04,0,2.22E+07,9.23E-03,2.40E+09,12,13,14,13,12,13,14,3.15E+10,1.42E+03,2.38E+09,9.90E-01,0,44926.02745,77323.11994,
196,Gautam Buddha Nagar,10,1009,9,Uttar Pradesh,141,6719521.422,0,0,0,27454.60784,1.49E+07,0,2.95E+07,0,218797.1875,5.13E+07,3.64E-02,0,1.01E+08,7.14E-02,1.41E+09,12,12,14,14,12,12,13,4.01E+10,3.99E+02,1.26E+09,8.92E-01,0,2415.227451,101398.7146,
291,Katihar,10,1010,10,Bihar,212,5634685.659,224212.3125,0,224912.6875,0,5.77E+07,673529.125,4.72E+07,0,1797803.578,1.13E+08,3.71E-02,4.89E+07,1.24E+07,4.05E-03,3.06E+09,12,12,13,11,12,12,12,3.49E+09,2.82E+02,2.86E+09,9.35E-01,2.50E+07,8323.435294,50376.0142,
180,Faridkot,11,1103,3,Punjab,45,0,0,0,0,0,0,0,0,0,0,0.00E+00,0.00E+00,0,2.62E+07,1.80E-02,1.45E+09,12,12,14,13,13,12,14,1.90E+10,7.25E+02,1.42E+09,9.82E-01,0,27959.68627,172240.7993,
532,Sirsa,11,1106,6,Haryana,79,0,0,0,0,0,0,0,3.97E+07,0,0,3.97E+07,9.35E-03,0,3.11E+07,7.34E-03,4.24E+09,12,13,14,13,12,13,14,5.15E+10,1.65E+03,4.17E+09,9.83E-01,217167.9219,37479.07451,173039.3912,
93,Bulandshahr,11,1109,9,Uttar Pradesh,142,0,0,0,0,0,4095129.776,657842.7188,1.39E+07,0,0,1.86E+07,5.24E-03,0,8.82E+07,2.48E-02,3.56E+09,12,12,14,12,12,12,12,1.84E+10,2.08E+02,3.45E+09,9.70E-01,0,13013.18039,83690.62991,
348,Madhepura,11,1110,10,Bihar,213,981635.0435,642445.5318,0,0,0,1652393.407,224633.7344,3245022.504,136502.0322,3400557.268,1.03E+07,5.60E-03,56411.65882,4706278.25,2.56E-03,1.84E+09,12,12,13,11,12,12,12,2.05E+09,4.36E+02,1.82E+09,9.92E-01,0,28845.4902,135016.7794,
63,Bathinda,12,1203,3,Punjab,46,0,0,0,0,0,431866.3594,0,3455102.719,0,0,3.89E+06,1.15E-03,0,6.44E+07,1.91E-02,3.37E+09,12,13,14,13,13,13,14,5.32E+10,8.27E+02,3.30E+09,9.80E-01,0,31212.18039,179609.2613,
228,Hisar,12,1206,6,Haryana,80,0,0,0,0,0,0,0,2.03E+07,0,0,2.03E+07,4.84E-03,0,6.04E+07,1.44E-02,4.20E+09,12,13,14,13,12,13,14,5.04E+10,8.35E+02,4.12E+09,9.81E-01,0,20659.24706,152445.8098,
9,Aligarh,12,1209,9,Uttar Pradesh,143,220197.6563,0,0,0,0,2136301.798,0,3516987.391,0,0,5.87E+06,1.57E-03,0,9.33E+07,2.49E-02,3.74E+09,12,12,14,11,12,12,12,2.14E+10,2.29E+02,3.64E+09,9.73E-01,219686.3906,12204.37255,75036.2566,
491,Saharsa,12,1210,10,Bihar,214,672678.2656,0,0,0,0,1.53E+07,0,2.24E+07,223795.7188,1086096.373,3.97E+07,2.35E-02,0,9408316.719,5.58E-03,1.69E+09,11,12,13,11,12,12,12,2.42E+09,2.57E+02,1.64E+09,9.71E-01,224079.375,12320.26667,85120.12786,
367,Mansa,13,1303,3,Punjab,47,0,0,0,0,0,0,0,215937.9531,0,0,2.16E+05,9.77E-05,0,1.45E+07,6.54E-03,2.21E+09,12,13,14,13,12,13,14,2.69E+10,1.86E+03,2.20E+09,9.93E-01,0,48131.09804,204844.5895,
77,Bhiwani,13,1306,6,Haryana,81,0,0,0,0,0,436961.75,0,2.99E+07,0,0,3.03E+07,6.56E-03,0,4.55E+07,9.84E-03,4.62E+09,12,13,14,12,12,13,14,4.33E+10,9.51E+02,4.55E+09,9.84E-01,0,8726.568627,74057.547,
224,Mahamaya Nagar,13,1309,9,Uttar Pradesh,144,441514.0938,0,0,0,0,2465626.408,0,1766669.516,0,220509.4063,4.89E+06,2.77E-03,0,2.18E+07,1.24E-02,1.77E+09,12,12,14,11,12,12,13,1.88E+10,8.61E+02,1.74E+09,9.85E-01,0,15720.90196,101014.661,
133,Darbhanga,13,1310,10,Bihar,215,223443.125,0,0,0,0,446911.4844,0,0,0,3218518.835,3.89E+06,1.70E-03,213463.0671,3.80E+07,1.66E-02,2.29E+09,11,12,12,11,12,12,12,4.26E+09,1.12E+02,2.24E+09,9.82E-01,0,27818.09412,137269.0497,
438,Patiala,14,1403,3,Punjab,48,0,0,0,0,0,0,429322.5625,0,0,215179.5625,6.45E+05,1.94E-04,0,9.81E+07,2.95E-02,3.33E+09,12,12,14,14,13,12,14,4.98E+10,5.08E+02,3.23E+09,9.70E-01,0,17861.44314,77130.26006,
484,Rohtak,14,1406,6,Haryana,82,0,0,0,0,0,0,0,872384.8906,0,0,8.72E+05,5.07E-04,0,4.88E+07,2.84E-02,1.72E+09,12,13,14,14,13,13,14,2.43E+10,4.97E+02,1.67E+09,9.71E-01,0,26165.4549,133453.4361,
369,Mathura,14,1409,9,Uttar Pradesh,145,0,0,0,0,0,0,0,0,0,0,0.00E+00,0.00E+00,0,9.79E+07,2.92E-02,3.35E+09,12,12,14,11,12,12,13,3.19E+10,3.26E+02,3.26E+09,9.71E-01,0,60806.98431,172623.8119,
387,Muzaffarpur,14,1410,10,Bihar,216,0,0,0,0,0,2530809.576,0,4092876.986,0,669983.6406,7.29E+06,2.29E-03,0,3.96E+07,1.24E-02,3.18E+09,11,12,12,11,12,12,12,9.95E+09,2.51E+02,3.13E+09,9.85E-01,279428.0365,18069.63137,111912.4183,
18,Amritsar,15,1503,3,Punjab,49,0,0,0,0,0,1658388.946,845412.8281,849018.8906,0,0,3.35E+06,1.26E-03,0,1.01E+08,3.78E-02,2.66E+09,12,12,12,14,12,12,14,5.03E+10,5.00E+02,2.56E+09,9.61E-01,0,19307.99608,83348.52635,
257,Jhajjar,15,1506,6,Haryana,83,656199.0469,0,0,0,0,656133.0781,0,3372987.787,0,0,4.69E+06,2.42E-03,0,3.51E+07,1.81E-02,1.94E+09,12,13,14,14,12,13,14,2.70E+10,7.69E+02,1.90E+09,9.79E-01,1094725.313,33287.36078,175398.852,
2,Agra,15,1509,9,Uttar Pradesh,146,1329149.813,0,0,0,0,3200424.965,0,6289744.759,0,1107173.453,1.19E+07,2.96E-03,0,1.65E+08,4.11E-02,4.03E+09,12,12,14,11,12,12,14,4.73E+10,2.86E+02,3.85E+09,9.56E-01,0,12275.72941,97049.89469,
206,Gopalganj,15,1510,10,Bihar,217,713437.2662,0,0,0,0,1.99E+07,0,1.90E+07,0,0,3.96E+07,1.94E-02,0,1.85E+07,9.09E-03,2.04E+09,11,12,12,11,12,12,12,4.34E+09,2.34E+02,1.98E+09,9.71E-01,473391.1094,11722.6902,89047.92038,
559,Tarn Taran,16,1603,3,Punjab,50,1082054.803,0,0,0,0,0,0,0,76098.32623,0,1.16E+06,4.84E-04,709165.5757,2.38E+07,9.94E-03,2.39E+09,12,12,12,14,12,12,14,3.92E+10,1.65E+03,2.37E+09,9.89E-01,0,23737.46667,86518.23081,
355,Mahendragarh,16,1606,6,Haryana,84,0,0,0,0,0,0,0,439642.7188,0,0,4.40E+05,2.28E-04,0,1.71E+07,8.85E-03,1.93E+09,12,13,14,12,12,13,14,2.30E+10,1.35E+03,1.91E+09,9.91E-01,0,16492.57255,111135.748,
185,Firozabad,16,1609,9,Uttar Pradesh,147,0,0,0,0,0,875716.8616,0,664958.5938,0,221609.3125,1.76E+06,7.33E-04,0,4.96E+07,2.06E-02,2.40E+09,12,12,14,11,12,12,12,1.66E+10,3.36E+02,2.35E+09,9.79E-01,0,15578.59216,100885.5906,
536,Siwan,16,1610,10,Bihar,218,0,0,0,0,0,6892058.11,0,7178295.442,0,0,1.41E+07,6.33E-03,0,2.01E+07,9.03E-03,2.22E+09,11,12,12,11,12,12,12,2.57E+09,1.28E+02,2.19E+09,9.84E-01,2391172.288,20689.29412,72154.57772,
487,Rupnagar,17,1703,3,Punjab,51,1150818.415,209525.8489,0,0,0,0,8.77E+07,0,0,2.97E+07,1.19E+08,8.58E-02,212715.3125,1.75E+07,1.27E-02,1.38E+09,14,13,14,14,13,13,14,1.84E+10,1.05E+03,1.25E+09,9.01E-01,425450.5938,12158.48627,58666.03793,
482,Rewari,17,1706,6,Haryana,85,0,0,0,0,0,0,0,0,0,0,0.00E+00,0.00E+00,0,2.37E+07,1.59E-02,1.49E+09,12,13,14,12,12,13,14,2.52E+10,1.06E+03,1.47E+09,9.84E-01,0,20075.58039,127636.0398,
358,Mainpuri,17,1709,9,Uttar Pradesh,148,0,0,0,0,0,0,0,0,0,0,0.00E+00,0.00E+00,0,2.72E+07,1.01E-02,2.70E+09,12,12,14,11,12,12,12,6.77E+09,2.49E+02,2.67E+09,9.90E-01,0,34309.15294,131683.0714,
504,Saran (chhapra),17,1710,10,Bihar,219,1345629.859,0,0,0,0,4.77E+07,0,5.85E+07,0,448233.0781,1.08E+08,4.09E-02,672802.8125,4.26E+07,1.61E-02,2.64E+09,11,12,12,11,12,12,12,5.85E+09,1.37E+02,2.47E+09,9.37E-01,1.57E+07,23608.23529,63264.40036,
493,Sahibzada Ajit Singh Nagar,18,1803,3,Punjab,52,6717.478431,641681.9063,0,0,0,153816.7478,4.68E+07,0,0,1.36E+07,6.12E+07,5.52E-02,0,5.31E+07,4.79E-02,1.11E+09,14,13,14,14,13,13,14,2.69E+10,5.07E+02,9.93E+08,8.97E-01,0,29399.42745,63225.12965,
213,Gurgaon,18,1806,6,Haryana,86,1922547.845,0,0,0,0,4191788.797,0,1.22E+07,0,218925,1.86E+07,1.50E-02,0,7.15E+07,5.78E-02,1.24E+09,14,13,14,14,13,13,14,4.03E+10,5.63E+02,1.15E+09,9.27E-01,0,23340.4,224509.8677,
92,Budaun,18,1809,9,Uttar Pradesh,149,220376,0,0,0,0,5450460.493,0,1.64E+07,0,0,2.21E+07,4.35E-03,0,6.15E+07,1.21E-02,5.08E+09,12,12,12,11,12,12,12,8.20E+09,1.33E+02,4.99E+09,9.84E-01,102633.5844,33063.08627,103533.2726,
599,Vaishali,18,1810,10,Bihar,220,673324.1094,0,0,0,0,2.79E+07,0,3.93E+07,0,448515.2969,6.83E+07,3.41E-02,2667819.376,2.32E+07,1.16E-02,2.00E+09,12,12,12,11,12,12,12,6.82E+09,2.95E+02,1.89E+09,9.44E-01,1.87E+07,17746.71765,127984.858,
500,Sangrur,19,1903,3,Punjab,53,0,0,0,0,0,0,0,0,0,0,0.00E+00,0.00E+00,0,5.25E+07,1.46E-02,3.60E+09,12,12,14,13,13,12,14,4.59E+10,8.75E+02,3.55E+09,9.85E-01,0,15151.81569,60808.37373,
374,Mewat,19,1906,6,Haryana,87,439777.4531,0,0,0,0,0,0,219605.2656,0,615857.4823,1.28E+06,8.69E-04,0,1.11E+07,7.57E-03,1.47E+09,11,13,12,11,12,13,13,1.47E+10,1.32E+03,1.45E+09,9.92E-01,0,27724.50588,183146.5261,
56,Bareilly,19,1909,9,Uttar Pradesh,150,0,0,0,0,0,657338.9688,0,2563624.399,218915.875,0,3.44E+06,9.09E-04,0,9.84E+07,2.60E-02,3.78E+09,12,12,12,12,12,12,12,1.83E+10,1.86E+02,3.68E+09,9.73E-01,0,22549.02745,138964.5602,
496,Samastipur,19,1910,10,Bihar,221,447941.9844,0,0,224707.7188,224715.9375,1.61E+07,449464.7188,1.70E+07,0,223795.7188,3.47E+07,1.20E-02,1137614.186,1.71E+07,5.89E-03,2.90E+09,12,12,12,11,12,12,12,4.57E+09,2.68E+02,2.84E+09,9.79E-01,9035657.075,9002.882353,52907.77437,
58,Barnala,20,2003,3,Punjab,54,0,0,0,0,0,0,0,429943.4688,0,0,4.30E+05,2.89E-04,0,1.33E+07,8.98E-03,1.49E+09,12,13,14,13,13,13,14,1.94E+10,1.46E+03,1.47E+09,9.91E-01,0,23423.99608,45461.06443,
179,Faridabad,20,2006,6,Haryana,88,1812678.48,0,0,0,0,2480865.147,0,3322222.374,0,876292.125,8.49E+06,1.01E-02,0,1.12E+08,1.33E-01,8.41E+08,14,13,14,14,12,13,14,2.81E+10,2.52E+02,7.21E+08,8.57E-01,0,14633.05098,155809.4308,
443,Pilibhit,20,2009,9,Uttar Pradesh,151,3494913.344,437592.7188,873418.5313,655640.1406,6188316.905,2.32E+07,5.53E+08,2.60E+07,1529445.547,5.87E+07,6.74E+08,1.88E-01,3.01E+07,3.12E+07,8.69E-03,3.59E+09,12,12,12,12,11,12,12,5.09E+09,1.63E+02,2.85E+09,7.94E-01,3548332.883,15974.58039,85765.0468,
65,Begusarai,20,2010,10,Bihar,222,4208675.089,0,0,0,0,5.19E+07,0,6.02E+07,224781.6094,224732.3594,1.17E+08,6.03E-02,3166247.771,5.62E+07,2.90E-02,1.94E+09,11,12,12,11,12,12,12,6.92E+09,1.23E+02,1.73E+09,8.92E-01,3.27E+07,10072.55686,52438.68206,
426,Palwal,21,2106,6,Haryana,89,0,0,0,0,0,0,0,0,0,0,0.00E+00,0.00E+00,0,2.24E+07,1.69E-02,1.32E+09,11,13,14,12,12,13,14,1.78E+10,7.93E+02,1.30E+09,9.83E-01,0,17594.34902,195916.3815,
513,Shahjahanpur,21,2109,9,Uttar Pradesh,152,0,219279.6875,0,0,0,1441579.901,6.59E+07,757232.6022,0,1730268.061,7.01E+07,1.51E-02,0,6.86E+07,1.47E-02,4.65E+09,12,12,12,11,12,12,12,1.31E+10,1.91E+02,4.51E+09,9.70E-01,0,10565.29412,64798.64392,
296,Khagaria,21,2110,10,Bihar,223,3020938.166,0,0,0,0,5309541.418,0,6146171.921,0,225092.3438,1.47E+07,9.87E-03,2776264.788,1.60E+07,1.08E-02,1.49E+09,11,12,12,11,12,12,12,9.09E+08,5.67E+01,1.45E+09,9.76E-01,1658644.276,49706.49804,383668.6497,
299,Kheri,22,2209,9,Uttar Pradesh,153,2847862.561,1315886.875,0,3501322.797,229628.92,7.65E+07,9.46E+08,1.48E+08,1753009.094,1.28E+08,1.31E+09,1.70E-01,1421257.243,3.12E+07,4.05E-03,7.71E+09,12,12,12,11,11,12,12,2.20E+10,7.06E+02,6.33E+09,8.21E-01,3.70E+07,7857.290196,92005.62129,
70,Bhagalpur,22,2210,10,Bihar,224,1.22E+07,256835.5619,0,225027.0938,0,6.02E+07,450005.0781,8.48E+07,224969.9219,4499756.734,1.63E+08,6.40E-02,1.54E+07,8.39E+07,3.30E-02,2.54E+09,11,12,12,11,12,12,12,1.04E+10,1.24E+02,2.25E+09,8.85E-01,2.98E+07,39229.9451,298797.5196,
534,Sitapur,23,2309,9,Uttar Pradesh,154,220553.8125,0,0,0,0,2.28E+07,0,4.70E+07,0,0,7.00E+07,1.21E-02,0,7.53E+07,1.30E-02,5.78E+09,12,12,12,11,11,12,12,1.40E+10,1.86E+02,5.62E+09,9.73E-01,9268056.12,34682.56863,156867.2743,
48,Banka,23,2310,10,Bihar,225,3615359.516,4761790.486,0,0,0,5.10E+07,6630578.351,7.17E+07,226100.5,9.26E+07,2.31E+08,7.44E-02,451584.25,4.34E+07,1.40E-02,3.10E+09,11,12,13,11,12,12,12,8.75E+08,2.02E+01,2.82E+09,9.11E-01,903530.1563,46176.01176,278337.945,
221,Hardoi,24,2409,9,Uttar Pradesh,155,0,0,0,0,0,4798307.499,0,2.14E+07,0,0,2.62E+07,4.35E-03,0,5.83E+07,9.70E-03,6.01E+09,12,12,12,11,12,12,12,1.18E+10,2.03E+02,5.93E+09,9.86E-01,0,6528.211765,58797.17796,
384,Munger,24,2410,10,Bihar,226,3950808.375,3.74E+07,0,0,0,4.65E+07,7.96E+07,5.29E+07,447410.9979,1.39E+08,3.60E+08,2.52E-01,6098350.9,5.33E+07,3.73E-02,1.43E+09,11,12,12,11,12,12,12,2.34E+09,4.38E+01,9.87E+08,6.90E-01,2.42E+07,30085.68235,211456.1703,
592,Unnao,25,2509,9,Uttar Pradesh,156,444885.5625,0,0,0,0,1.25E+07,0,3.90E+07,0,0,5.20E+07,1.13E-02,0,5.68E+07,1.24E-02,4.60E+09,12,12,12,11,11,12,12,1.09E+10,1.92E+02,4.49E+09,9.76E-01,223299.7344,3847.509804,51767.74938,
334,Lakhisarai,25,2510,10,Bihar,227,737880.4054,9796173.859,0,0,0,3638865.013,4.36E+07,3117742.505,225352.4688,6.09E+07,1.22E+08,9.64E-02,450078.6563,2.60E+07,2.05E-02,1.27E+09,11,12,12,11,12,12,12,1.10E+09,4.23E+01,1.11E+09,8.80E-01,2812422.124,56983.97647,141002.8908,
345,Lucknow,26,2609,9,Uttar Pradesh,157,666337.4531,0,0,0,0,1333037.219,1776407.203,2222314.719,0,1332397.938,7.33E+06,2.89E-03,0,1.86E+08,7.35E-02,2.54E+09,12,12,12,11,11,12,12,4.59E+10,2.46E+02,2.35E+09,9.24E-01,0,1948.427451,26337.99302,
515,Sheikhpura,26,2610,10,Bihar,228,0,0,0,0,0,0,0,0,0,0,0.00E+00,0.00E+00,0,1.21E+07,1.90E-02,6.39E+08,12,12,12,11,12,12,12,8.24E+08,6.80E+01,6.26E+08,9.81E-01,0,16387.07059,188459.9564,
459,Rae Bareli,27,2709,9,Uttar Pradesh,158,222781.9531,0,0,0,0,7173720.848,0,2.08E+07,0,0,2.82E+07,6.10E-03,0,3.79E+07,8.20E-03,4.62E+09,11,12,12,11,11,12,12,1.04E+10,2.76E+02,4.55E+09,9.86E-01,415958.6555,9466.184314,102991.7712,
395,Nalanda,27,2710,10,Bihar,229,0,323848.5892,0,0,0,225546.6563,2238560.88,449914.8594,0,3469029.758,6.71E+06,2.87E-03,0,5.17E+07,2.22E-02,2.33E+09,12,12,12,11,12,12,12,6.15E+09,1.19E+02,2.27E+09,9.75E-01,0,16800.49804,108082.3495,
181,Farrukhabad,28,2809,9,Uttar Pradesh,159,0,0,0,0,0,5830172.24,0,2.19E+07,0,0,2.77E+07,1.27E-02,0,4.78E+07,2.19E-02,2.18E+09,12,12,12,11,12,12,12,5.66E+09,1.18E+02,2.11E+09,9.65E-01,0,38531.42353,150462.3834,
439,Patna,28,2810,10,Bihar,230,2386269.108,224510.1563,0,0,0,6.14E+07,1349827.375,1.02E+08,0,1349316.625,1.69E+08,5.28E-02,6047143.445,1.88E+08,5.86E-02,3.20E+09,12,12,12,12,12,12,12,2.49E+10,1.32E+02,2.81E+09,8.79E-01,2.60E+07,12124.87451,100922.3604,
276,Kannauj,29,2909,9,Uttar Pradesh,160,0,0,0,0,0,1405152.624,0,3778046.079,0,0,5.18E+06,2.50E-03,0,3.53E+07,1.70E-02,2.07E+09,12,12,12,11,12,12,12,4.09E+09,1.16E+02,2.03E+09,9.81E-01,0,18173.79216,108438.1978,
78,Bhojpur,29,2910,10,Bihar,231,756695.7739,0,0,0,0,2.41E+07,225059.7344,5.43E+07,0,224336.625,7.96E+07,3.36E-02,224411.0781,4.73E+07,1.99E-02,2.37E+09,11,12,12,11,12,12,12,2.55E+09,5.39E+01,2.24E+09,9.46E-01,944509.5909,11726.64706,106567.5377,
177,Etawah,30,3009,9,Uttar Pradesh,161,0,0,0,0,0,1149149.23,0,7477035.549,0,0,8.63E+06,3.71E-03,0,3.03E+07,1.30E-02,2.33E+09,12,12,14,11,11,12,12,1.27E+10,4.19E+02,2.29E+09,9.83E-01,0,4828.807843,66811.28096,
97,Buxar,30,3010,10,Bihar,232,0,0,0,0,0,6991252.478,0,1.48E+07,0,0,2.18E+07,1.27E-02,0,2.29E+07,1.34E-02,1.71E+09,11,12,12,11,12,12,12,2.29E+09,1.00E+02,1.66E+09,9.74E-01,227821.6122,8507.462745,82644.56311,
28,Auraiya,31,3109,9,Uttar Pradesh,162,0,0,0,0,0,1134934.009,0,2596315.971,0,0,3.73E+06,1.86E-03,0,3.21E+07,1.60E-02,2.01E+09,12,12,12,11,11,12,12,8.28E+09,2.58E+02,1.97E+09,9.82E-01,0,26879.61961,152846.8589,
267,Kaimur (bhabua),31,3110,10,Bihar,233,3393499.063,3.13E+07,0,0,0,1.44E+07,3.87E+07,3.72E+07,614649.8991,8.32E+08,9.57E+08,2.86E-01,0,1.90E+07,5.68E-03,3.35E+09,11,12,13,11,12,12,12,3.89E+09,2.05E+02,2.37E+09,7.08E-01,0,19891.55294,142795.9542,
279,Kanpur Dehat,32,3209,9,Uttar Pradesh,163,0,0,0,0,0,5874106.776,0,6761762.114,0,0,1.26E+07,3.93E-03,0,2.32E+07,7.21E-03,3.21E+09,12,12,12,11,12,12,12,6.71E+09,2.90E+02,3.18E+09,9.89E-01,0,19461.31373,159760.5305,
485,Rohtas,32,3210,10,Bihar,234,2836337.544,1.95E+07,0,0,0,6.67E+07,3.54E+07,8.23E+07,832711.4599,3.81E+08,5.89E+08,1.52E-01,0,9.87E+07,2.55E-02,3.86E+09,11,12,12,11,12,12,12,7.52E+09,7.62E+01,3.17E+09,8.21E-01,3347543.955,32755.29804,141596.488,
280,Kanpur Nagar,33,3309,9,Uttar Pradesh,164,223054.2031,0,0,0,0,4829746.599,0,1.85E+07,0,222918.25,2.38E+07,8.26E-03,0,2.05E+08,7.13E-02,2.88E+09,12,12,12,11,12,12,12,2.42E+10,1.18E+02,2.65E+09,9.20E-01,0,24079.98824,156499.3904,
29,Aurangabad,33,3310,10,Bihar,235,1229792.644,2.00E+07,0,0,0,1.84E+07,3.09E+07,2.63E+07,0,6.51E+07,1.62E+08,4.94E-02,0,6.04E+07,1.84E-02,3.28E+09,11,12,12,11,12,12,12,3.30E+09,5.47E+01,3.05E+09,9.32E-01,0,14572.98431,186022.56,
244,Jalaun,34,3409,9,Uttar Pradesh,165,56210.26275,0,0,0,0,7322739.703,0,1.76E+07,0,1117804.609,2.61E+07,5.72E-03,0,6.52E+07,1.43E-02,4.57E+09,12,12,14,11,12,12,12,1.01E+10,1.55E+02,4.48E+09,9.80E-01,0,60616.55294,255925.0924,
197,Gaya,34,3410,10,Bihar,236,226370.9844,3.84E+07,0,0,0,5206805.672,2.64E+07,3392395.625,819762.3818,3.93E+08,4.67E+08,9.42E-02,0,5.99E+07,1.21E-02,4.96E+09,11,12,13,11,12,12,12,7.48E+09,1.25E+02,4.43E+09,8.94E-01,225715.9063,36691.66275,228288.7379,
259,Jhansi,35,3509,9,Uttar Pradesh,166,3472356.415,2292826.467,0,224650.1875,0,1579391.045,2749589.164,2242375.804,0,2.04E+07,3.30E+07,6.51E-03,1417616.179,6.48E+07,1.28E-02,5.07E+09,12,12,14,11,12,12,13,1.95E+10,3.01E+02,4.97E+09,9.80E-01,449308.5938,12077.63529,115155.3433,
406,Nawada,35,3510,10,Bihar,237,4299346.406,8.08E+07,0,0,0,4070754.906,8.76E+07,2561911.924,1582541.703,3.13E+08,4.94E+08,1.99E-01,452670.5625,3.05E+07,1.23E-02,2.48E+09,12,12,12,11,12,12,12,1.31E+09,4.31E+01,1.96E+09,7.88E-01,452686.4375,50108.00392,224966.2652,
335,Lalitpur,36,3609,9,Uttar Pradesh,167,1.73E+07,3.62E+07,0,2486189.016,246845.1987,1.52E+07,1.60E+07,7213650.564,434174.9501,4.23E+08,5.18E+08,1.03E-01,1.14E+08,1.13E+07,2.24E-03,5.05E+09,12,12,14,11,11,12,12,4.68E+09,4.14E+02,4.40E+09,8.72E-01,3617115.422,49021.23529,165157.2003,
252,Jamui,36,3610,10,Bihar,238,4746778.141,7.70E+07,0,451905.2813,0,5.64E+07,1.02E+08,7.44E+07,1584416.221,3.80E+08,6.96E+08,2.29E-01,0,4.03E+07,1.32E-02,3.05E+09,12,11,13,11,12,11,12,6.58E+08,1.63E+01,2.31E+09,7.58E-01,451913.2813,16016.63922,195906.4027,
217,Hamirpur,37,3709,9,Uttar Pradesh,168,1860606.427,0,0,0,0,1.04E+07,224600.7969,1.83E+07,0,2399652.374,3.32E+07,7.78E-03,2289867.8,6.54E+07,1.53E-02,4.26E+09,12,12,14,11,12,12,12,6.48E+09,9.92E+01,4.16E+09,9.75E-01,3824655.255,6280.164706,44879.35216,
632,Jehanabad,37,3710,10,Bihar,239,0,0,0,0,0,0,0,0,0,0,0.00E+00,0.00E+00,0,1.35E+07,1.45E-02,9.30E+08,12,12,12,11,12,12,12,1.19E+09,8.81E+01,9.17E+08,9.85E-01,0,6226.486275,122841.0478,
357,Mahoba,38,3809,9,Uttar Pradesh,169,3968622.7,1350683.172,0,0,0,2025731.422,1051557.981,1416512.518,0,1.37E+07,2.35E+07,8.19E-03,2314553.256,2.08E+07,7.25E-03,2.87E+09,12,12,14,11,12,12,12,6.21E+09,2.99E+02,2.82E+09,9.83E-01,2476498.309,4153.886275,29511.77223,
631,Arwal,38,3810,10,Bihar,240,450518.3125,0,0,0,0,3569774.645,450575.1563,1.77E+07,0,676097.9375,2.29E+07,3.44E-02,0,1.89E+07,2.85E-02,6.65E+08,12,12,12,11,12,12,12,2.10E+08,1.11E+01,6.23E+08,9.37E-01,10594.88088,15880.45882,201163.68,
44,Banda,39,3909,9,Uttar Pradesh,170,193439.6903,1653008.226,0,0,0,1.14E+07,401470.8682,1.22E+07,0,5761465.211,3.15E+07,6.96E-03,0,6.99E+07,1.54E-02,4.53E+09,12,12,14,11,11,12,12,6.49E+09,9.28E+01,4.43E+09,9.78E-01,175179.6823,16230.75294,142207.4607,
118,Chitrakoot,40,4009,9,Uttar Pradesh,171,1126064.141,1.23E+08,0,0,0,3.94E+07,2.11E+07,1.49E+07,0,3.55E+08,5.55E+08,1.80E-01,225206.3281,8893283.909,2.89E-03,3.08E+09,12,12,13,11,11,12,12,3.80E+09,4.28E+02,2.52E+09,8.17E-01,698742.3647,16090.75294,180597.9092,
184,Fatehpur,41,4109,9,Uttar Pradesh,172,282481.6344,0,0,0,0,3.74E+07,0,3.19E+07,0,0,6.96E+07,1.67E-02,0,3.66E+07,8.76E-03,4.17E+09,12,12,14,11,11,12,12,7.87E+09,2.15E+02,4.07E+09,9.74E-01,1201005.703,13277.73725,163746.4489,
448,Pratapgarh,42,4209,9,Uttar Pradesh,173,897644.2656,448805.625,0,0,0,8635228.468,448565.5938,8202763.213,0,448607.0313,1.91E+07,5.14E-03,448789.0938,1.13E+07,3.03E-03,3.71E+09,11,12,14,11,11,12,12,1.30E+10,1.16E+03,3.68E+09,9.92E-01,0,7974.65098,84394.23929,
293,Kaushambi,43,4309,9,Uttar Pradesh,174,621441.3113,0,0,0,0,3.64E+07,0,2.45E+07,0,0,6.15E+07,3.03E-02,0,2.65E+07,1.31E-02,2.03E+09,12,12,14,11,11,12,12,9.83E+09,3.70E+02,1.94E+09,9.56E-01,2103293.287,24144.47059,216033.8657,
11,Allahabad,44,4409,9,Uttar Pradesh,175,276973.7623,2611075.457,0,0,0,5.31E+07,225868.5156,5.17E+07,0,3611629.238,1.12E+08,2.14E-02,0,9.45E+07,1.81E-02,5.22E+09,11,12,14,11,12,12,12,3.93E+10,4.16E+02,5.01E+09,9.60E-01,2593480.74,15502.41176,173956.2804,
51,Bara Banki,45,4509,9,Uttar Pradesh,176,222008.75,0,0,0,0,1.70E+07,0,1.92E+07,0,666086.7813,3.71E+07,9.77E-03,0,2.56E+07,6.74E-03,3.79E+09,12,12,12,11,11,12,12,1.29E+10,5.06E+02,3.72E+09,9.82E-01,6385808.666,7895.709804,126928.9944,
178,Faizabad,46,4609,9,Uttar Pradesh,177,222241.8594,0,0,0,0,2.80E+07,0,3.59E+07,0,444853,6.45E+07,2.36E-02,0,4.69E+07,1.71E-02,2.74E+09,11,12,12,11,11,12,12,1.13E+10,2.40E+02,2.62E+09,9.56E-01,7921651.345,5445.737255,96618.54835,
15,Ambedkar Nagar,47,4709,9,Uttar Pradesh,178,0,0,0,0,0,1.68E+07,0,1.95E+07,0,0,3.63E+07,1.57E-02,0,1.98E+07,8.56E-03,2.32E+09,11,12,12,11,12,12,12,9.29E+09,4.69E+02,2.25E+09,9.74E-01,4913855.886,21474.79608,198738.1055,
552,Sultanpur,48,4809,9,Uttar Pradesh,179,0,0,0,0,0,0,0,0,0,0,0.00E+00,0.00E+00,0,1.97E+07,4.46E-03,4.42E+09,11,12,12,11,11,12,12,1.17E+10,5.92E+02,4.40E+09,9.96E-01,0,27712.53725,207704.1181,
36,Bahraich,49,4909,9,Uttar Pradesh,180,4063000.964,0,0,2630684.25,2621233.471,4.76E+07,3.68E+08,7.71E+07,877290.9531,1.01E+08,6.04E+08,1.40E-01,2.12E+07,3.86E+07,8.93E-03,4.33E+09,12,12,12,11,11,12,12,6.13E+09,1.59E+02,3.64E+09,8.41E-01,2.19E+07,6866.015686,118528.3562,
521,Shrawasti,50,5009,9,Uttar Pradesh,181,639843.6327,440618.2344,0,0,0,220206.5781,2.07E+08,168256.4908,440297.0156,6.83E+07,2.77E+08,1.11E-01,0,2426639.406,9.69E-04,2.50E+09,12,12,12,11,11,12,12,2.51E+09,1.04E+03,2.23E+09,8.88E-01,0,12476.09804,167693.5705,
42,Balrampur,51,5109,9,Uttar Pradesh,182,7728564.445,1766079.813,0,517853.5522,441373.6094,2647689.953,3.40E+08,1103893.797,442295.2188,1.32E+08,4.87E+08,1.47E-01,2207124.828,1.81E+07,5.45E-03,3.32E+09,12,12,12,11,11,12,12,4.57E+09,2.52E+02,2.82E+09,8.47E-01,441426.75,9986.505882,202399.3947,
204,Gonda,52,5209,9,Uttar Pradesh,183,374233.5671,221826.75,0,810938.9894,0,1.80E+07,2.91E+07,1.56E+07,0,8488606.684,7.26E+07,1.80E-02,0,2.86E+07,7.09E-03,4.04E+09,12,12,12,11,11,12,12,1.29E+10,4.52E+02,3.93E+09,9.74E-01,5502039.874,5166.858824,112109.329,
524,Siddharth Nagar,53,5309,9,Uttar Pradesh,184,0,0,0,0,0,0,1106148.547,0,0,1105323.141,2.21E+06,7.81E-04,0,8412899.672,2.97E-03,2.83E+09,11,12,12,11,12,12,12,3.07E+09,3.64E+02,2.82E+09,9.96E-01,0,2122.498039,122226.5071,
62,Basti,54,5409,9,Uttar Pradesh,185,291497.0039,0,0,0,0,2.11E+07,75723.4886,3.38E+07,0,0,5.53E+07,1.92E-02,0,2.31E+07,8.02E-03,2.88E+09,11,12,12,11,11,12,12,1.41E+10,6.10E+02,2.80E+09,9.71E-01,5625441.595,4900.756863,62367.9799,
501,Sant Kabir Nagar,55,5509,9,Uttar Pradesh,186,41809.40882,0,0,0,603585.0162,1281004.013,148928.636,2398851.021,444138.5625,857058.2246,5.78E+06,3.61E-03,1970751.676,9953060.863,6.23E-03,1.60E+09,11,12,12,11,12,12,12,6.08E+09,6.11E+02,1.58E+09,9.89E-01,597979.8309,25207.74902,149022.5609,
351,Maharajganj,56,5609,9,Uttar Pradesh,187,0,1771833.016,0,1.39E+07,0,3076649.325,2.57E+08,4733136.314,960644.4498,3.76E+07,3.19E+08,1.10E-01,0,5314679.891,1.83E-03,2.90E+09,11,13,12,11,11,13,12,4.04E+09,7.60E+02,2.57E+09,8.88E-01,1068489.414,19857.93725,134832.1336,
207,Gorakhpur,57,5709,9,Uttar Pradesh,188,180303.0756,888896.0313,0,0,61838.27224,1.42E+07,1.61E+07,1.01E+07,0,735959.7409,4.22E+07,1.26E-02,2696443.464,7.75E+07,2.30E-02,3.36E+09,11,12,12,11,11,12,12,1.91E+10,2.46E+02,3.24E+09,9.63E-01,2905609.379,28295.11373,148486.8815,
331,Kushinagar,58,5809,9,Uttar Pradesh,189,221452.2344,0,0,0,0,1.76E+07,1265240.26,1.67E+07,221303.4688,1183514.293,3.72E+07,1.29E-02,443044.1875,1.54E+07,5.33E-03,2.89E+09,11,12,12,11,12,12,12,5.65E+09,3.68E+02,2.82E+09,9.78E-01,1.09E+07,9180.262745,103051.7937,
142,Deoria,59,5909,9,Uttar Pradesh,190,223527.2969,222568.2813,0,0,0,1.49E+07,2449009.516,1.61E+07,0,1113481.938,3.50E+07,1.37E-02,0,2.36E+07,9.25E-03,2.55E+09,11,12,12,11,11,12,12,7.49E+09,3.17E+02,2.49E+09,9.76E-01,2235399.709,15228.62353,179180.9179,
31,Azamgarh,60,6009,9,Uttar Pradesh,191,0,0,0,0,0,1.83E+07,0,1.70E+07,0,0,3.53E+07,8.27E-03,0,2.79E+07,6.53E-03,4.27E+09,11,12,12,11,12,12,12,1.06E+10,3.79E+02,4.21E+09,9.85E-01,1955549.065,7307.203922,70218.26335,
370,Mau,61,6109,9,Uttar Pradesh,192,893932.5,0,0,0,893957.75,1.28E+07,670506.2031,7768148.071,0,0,2.30E+07,1.36E-02,2234886.016,2.26E+07,1.34E-02,1.69E+09,11,12,12,11,12,12,12,1.19E+10,5.25E+02,1.64E+09,9.71E-01,1455045.528,13255.76078,119536.9981,
41,Ballia,62,6209,9,Uttar Pradesh,193,672121.6094,0,0,0,672146.5938,7.00E+07,672179.875,7.01E+07,224071.0625,671810.8125,1.43E+08,4.76E-02,2240469.234,3.67E+07,1.22E-02,3.00E+09,11,12,11,11,12,12,12,5.73E+09,1.56E+02,2.81E+09,9.35E-01,1.46E+07,7605.098039,162594.375,
255,Jaunpur,63,6309,9,Uttar Pradesh,194,0,0,0,0,0,0,0,0,0,0,0.00E+00,0.00E+00,223812.4531,3.43E+07,8.50E-03,4.03E+09,11,12,14,11,12,12,12,1.06E+10,3.09E+02,4.00E+09,9.91E-01,0,13374.94902,139444.4283,
199,Ghazipur,64,6409,9,Uttar Pradesh,195,0,0,0,0,0,3.41E+07,0,4.03E+07,0,0,7.44E+07,2.20E-02,0,3.34E+07,9.89E-03,3.38E+09,11,12,12,11,12,12,12,1.03E+10,3.07E+02,3.27E+09,9.68E-01,592968.2369,22548.15686,113764.3363,
105,Chandauli,65,6509,9,Uttar Pradesh,196,4289565.266,9030924.422,0,0,0,2.95E+07,1806666.844,3.16E+07,451278.8281,3.78E+08,4.54E+08,1.79E-01,677861.7969,3.27E+07,1.29E-02,2.53E+09,11,12,12,11,12,12,12,1.21E+10,3.71E+02,2.04E+09,8.07E-01,1710792.964,14452.96078,74241.24892,
502,Sant Ravi Das Nagar(bhadohi),67,6709,9,Uttar Pradesh,198,0,0,0,0,0,1.39E+07,0,6238670.036,0,0,2.02E+07,2.00E-02,0,2.30E+07,2.28E-02,1.01E+09,11,12,14,11,12,12,12,7.27E+09,3.16E+02,9.61E+08,9.53E-01,4172006.95,1991.431373,38690.91316,
375,Mirzapur,68,6809,9,Uttar Pradesh,199,4741338.234,1928675.856,0,0,0,9.98E+07,225860.5,5.10E+07,0,1.98E+08,3.55E+08,7.88E-02,1.11E+07,3.59E+07,7.96E-03,4.51E+09,11,12,13,11,12,12,12,9.82E+09,2.73E+02,4.10E+09,9.09E-01,6639095.329,65725.07059,227940.6135,
540,Sonbhadra,69,6909,9,Uttar Pradesh,200,1.20E+07,2.87E+07,0,227219.625,2722322,1.81E+08,6.89E+07,1.72E+08,1492632.84,2.23E+09,2.70E+09,3.98E-01,2.50E+08,3.69E+07,5.44E-03,6.78E+09,11,12,13,11,12,12,12,2.03E+10,5.51E+02,3.77E+09,5.56E-01,2.39E+07,79714.79608,363159.0984,
176,Etah,70,7009,9,Uttar Pradesh,201,220951.9063,0,0,0,0,0,0,0,0,0,2.21E+05,8.79E-05,0,2.62E+07,1.04E-02,2.51E+09,12,12,14,11,12,12,12,7.14E+09,2.72E+02,2.49E+09,9.89E-01,0,13806.29804,108486.5369,
281,Kansiram Nagar,71,7109,9,Uttar Pradesh,202,440627.2813,0,0,0,0,1.27E+07,0,2.34E+07,0,0,3.65E+07,1.86E-02,0,2.05E+07,1.04E-02,1.97E+09,12,12,12,11,12,12,12,2.00E+09,9.76E+01,1.91E+09,9.71E-01,116433.0579,11198.69412,91792.88164,